$ 1 512 64 10 4 463 0.00390625
c 0 0 10 13 29 0 6
c 0 13 10 26 42 0 6
c 0 26 10 39 54 0 6
c 0 39 10 52 67 0 6
c 0 52 10 65 79 0 6
c 0 65 10 78 92 0 6
c 0 78 10 91 104 0 6
c 0 91 10 104 117 0 6
c 0 104 10 117 129 0 6
c 0 117 10 130 142 0 6
c 0 130 10 143 154 0 6
c 0 143 10 156 167 0 6
c 0 156 10 169 180 0 6
c 0 169 10 182 192 0 6
c 0 182 10 195 205 0 6
c 0 195 10 208 217 0 6
c 0 208 10 221 230 0 6
c 0 221 10 234 242 0 6
c 0 234 10 247 255 0 6
c 0 247 10 260 267 0 6
c 0 260 10 273 280 0 6
c 0 273 10 286 292 0 6
c 0 286 10 299 305 0 6
c 0 299 10 312 318 0 6
c 0 312 10 325 330 0 6
c 0 325 10 338 343 0 6
c 0 338 10 351 355 0 6
c 0 351 10 364 368 0 6
c 0 364 10 377 380 0 6
c 0 377 10 390 393 0 6
c 0 390 10 403 405 0 6
c 0 403 10 416 418 0 6
c 0 416 10 429 430 0 6
c 0 429 10 442 443 0 6
c 0 442 10 455 456 0 6
c 0 455 10 468 468 0 6
c 0 468 10 481 481 0 6
c 0 481 10 494 493 0 6
c 0 494 10 507 506 0 6
S 0 0 1 511 1 0 1.166665 0 10 100
