$ 1 512 64 10 4 558 0.00390625
w 0 26 1 26 511
w 0 50 1 50 511
w 0 75 1 75 511
w 0 100 1 100 511
w 0 125 1 125 511
w 0 150 1 150 511
w 0 175 1 175 511
w 0 200 1 200 511
w 0 225 1 225 511
w 0 250 1 250 511
w 0 275 1 275 511
w 0 300 1 300 511
200 0 112 8 120 8 0 0.7817920424827881 0 10 100 2
w 0 24 3 301 2
s 0 229 7 0 1.1 0 10 100
s 0 246 7 0 1.1 0 10 100
s 0 237 7 0 1.1 3.141592653589793 10 100
S 0 31 8 45 8 0 0.46868250971860054 0 10 100
200 0 137 8 145 8 0 0.879508713468726 0 10 100 2
200 0 162 8 170 8 0 0.9772465726008206 0 10 100 2
s 0 179 7 0 1.3681497653349524 0 10 100
s 0 188 7 0 1.3681497653349524 3.141592653589793 10 100
s 0 196 7 0 1.3681497653349524 0 10 100
s 0 205 7 0 1.1726958871209847 0 10 100
s 0 213 7 0 1.1726958871209847 3.141592653589793 10 100
s 0 221 7 0 1.1726958871209847 0 10 100
S 0 56 7 70 7 0 0.5273158022624801 0 10 100
S 0 81 7 95 7 0 0.5863420760324624 0 10 100
S 0 264 5 273 5 0 0.7817920424827881 0 10 100
s 0 279 7 0 1.0945071873689365 0 10 100
s 0 295 7 0 1.0945071873689365 0 10 100

